-----------------------------------------------------
학번    국어    영어    수학    총점    평균
-----------------------------------------------------
00001    52      65      54
00002    89      66      82
00003    51      88      53
00004    88      77      50
00005    71      97      83
00006    62      93      75
00007    98      50      84
00008    62      86      58
00009    90      96      57
00010    78      82      65
00011    77      66      85
00012    88      94      73
00013    85      73      86
00014    83      67      66
00015    72      65      56
00016    91      86      63
00017    92      66      52
00018    55      78      98
00019    82     100      56
00020    95      89      77
00021    91      57      90
00022    99      72      53
00023    88      80      83
00024    50      91      83
00025    67      51      65
00026    94      89      83
00027    80      53      93
00028    63      84      77
00029    97      90      62
00030    64      95      73
00031    76      62      55
00032    81      91      66
00033    73      74      93
00034    58      59      67
00035    70      52      62
00036    64      88      86
00037    79      75      53
00038    93      81      99
00039    86      65      76
00040    79      74      50
00041    88      93      57
00042    75      54      77
00043    67      50      66
00044    54      50      91
00045    77      66      59
00046    71      85      98
00047    67      99      92
00048    69      77      52
00049    98      66      91
00050    59      95      94
00051    57      57      90
00052    82      51      51
00053    55      94      76
00054    72      80      64
00055    58      87      75
00056   100      95      89
00057    83      77      97
00058    59      61      57
00059    71      99      85
00060    62      51      91
00061   100      66      67
00062    50      70      92
00063    85      55      83
00064    83      65      77
00065   100      84      96
00066    86     100      54
00067    99      89      71
00068    75      70     100
00069    74      80      99
00070    85      95      74
00071    77      84      81
00072    72      68      77
00073    68      73      83
00074    60      55      64
00075    70      92      71
00076    51      73      69
00077    87      96      76
00078    68      99      91
00079    81      96      56
00080    94      59      60
00081    56      95      81
00082    85      73      77
00083    81      58      72
00084    57      71      98
00085    85      52      72
00086    81      87      77
00087    87      91      69
00088    65      69      83
00089    75      92      81
00090    77      85      54
00091    51      90      52
00092    84      97      89
00093    58      95      50
00094    83      99      63
00095    97      72      86
00096    93      58      78
00097    61      71      91
00098    64      86      51
00099    83      96      59
00100    69      53      93
