대한민국 : 0
대한민국 : 1
대한민국 : 2
대한민국 : 3
대한민국 : 4
대한민국 : 5
대한민국 : 6
대한민국 : 7
대한민국 : 8
대한민국 : 9
대한민국 : 0
대한민국 : 1
대한민국 : 2
대한민국 : 3
대한민국 : 4
대한민국 : 5
대한민국 : 6
대한민국 : 7
대한민국 : 8
대한민국 : 9
대한민국 : 0
대한민국 : 1
대한민국 : 2
대한민국 : 3
대한민국 : 4
대한민국 : 5
대한민국 : 6
대한민국 : 7
대한민국 : 8
대한민국 : 9
대한민국 : 0
대한민국 : 1
대한민국 : 2
대한민국 : 3
대한민국 : 4
대한민국 : 5
대한민국 : 6
대한민국 : 7
대한민국 : 8
대한민국 : 9
-----------------------------------------------------
학번		국어		영어		수학		총점		평균
-----------------------------------------------------
1			51			61			862			100			82			913			53			87			804			74			86			765			96			86			586			50			50			657			78			87			708			81			64			669			75			72			8910			88			90			7411			85			53			8012			90			97			9613			83			99			5014			83			99			6215			93			75			5916			72			78			9717			80			68			9018			99			68			7719			61			84			9020			97			63			9621			64			96			9422			81			73			9723			76			90			6824			62			59			9925			80			74			7826			52			80			9727			71			64			6628			86			89			5029			82			82			7030			65			65			8231			97			57			8632			89			99			5233			86			74			6834			98			89			9735			58			68			6736			53			93			5137			54			58			7438			76			97			5839			54			99			5540			61			86			8441			59			52			5142			100			93			9743			56			72			5744			73			76			8045			84			60			5446			84			74			8647			81			86			5048			79			66			5749			65			100			5550			98			53			5351			82			100			6752			85			85			9453			59			53			7854			100			78			7155			96			96			5756			52			56			9557			78			63			9858			80			53			8759			59			81			7960			52			83			8761			72			98			7762			92			86			5463			87			82			7064			58			52			6765			73			68			7966			66			76			7267			69			67			6668			60			69			7669			70			69			5270			61			72			5671			79			91			5672			68			98			9573			95			95			8474			61			57			10075			81			65			5476			76			100			5477			64			83			9078			57			98			7779			87			51			5080			77			100			7681			79			79			9282			73			95			7783			65			58			5184			71			55			8885			57			99			7686			90			68			9087			84			58			7988			50			74			5189			78			86			5190			55			65			5391			88			89			8192			58			89			6393			55			90			8994			66			94			5995			60			86			6796			64			75			9397			76			56			5598			59			84			8499			62			60			96100			54			78			98대한민국 : 0
대한민국 : 1
대한민국 : 2
대한민국 : 3
대한민국 : 4
대한민국 : 5
대한민국 : 6
대한민국 : 7
대한민국 : 8
대한민국 : 9
대한민국 : 0
대한민국 : 1
대한민국 : 2
대한민국 : 3
대한민국 : 4
대한민국 : 5
대한민국 : 6
대한민국 : 7
대한민국 : 8
대한민국 : 9
대한민국 : 0
대한민국 : 1
대한민국 : 2
대한민국 : 3
대한민국 : 4
대한민국 : 5
대한민국 : 6
대한민국 : 7
대한민국 : 8
대한민국 : 9
